

   1
  2 2
 3 3 3
4 4 4 4               




1 
01
101 
0101 
10101




    1                                                                                                         
   121                                                                                                        
  12321                                                                                                       
 1234321                                                                                                      
123454321                                                                  